924921452
152093606
678591818
1749190779
1261913535
159841658
1686997739
552633377
191603588
116094956
664158123
1085757964
91667004
191010302
1494658400
856463205
386541419
69507456
1921283061
1756488247
789242997
286887832
1289373037
768500238
967513931
2094154211
1679978569
1370593410
670669232
1066339072
1021240693
1595590684
1218432679
1699832511
1197297815
332862566
1859674169
736811906
885495943
2051277757
852906862
1549654066
989552074
944573866
1740664369
336726826
1801037071
2127205788
406234283
1574836484
1736210387
1195477280
1861724316
878099777
1963977518
681754600
824770340
1496472439
2052348010
1495439572
415327864
926105056
943546609
1633760543
478453919
2140844424
1966623109
190644441
730172683
704635404
94438550
1583079545
106805823
1083990624
380169764
1847470192
1420717451
33723187
1827192332
1826951734
1608559672
1415919071
874945366
1322800340
146535200
691439237
2004554940
971305541
40428028
1909419303
319261465
455755892
688040711
1262808074
2089516435
1166494630
1256168851
1908655896
1357139071
1986341534
465807653
1451577622
1421937431
572613476
388084598
1802107195
272600020
1808802049
1835830383
2099792352
1488270135
1296906407
1368227775
215731854
472223099
1514762976
907171091
329294392
338584869
947599119
91230047
657846334
1403355012
779270758
1920654409
1345387799
1945765388
1029339612
1106560048
1155420812
868197498
1572367701
459514786
142651281
2144981177
847599384
1944758477
270097549
508917786
1633105212
222406253
1997187921
782527971
1590634028
65436127
1254751070
957913356
972607218
1584045462
1296498225
1920206338
1675275509
1954344560
1176077702
307062619
1727515321
373981853
105344360
609371285
1480541901
1260765172
1477568783
905425954
1720279958
1620220064
902923483
420395694
1417494893
1173021032
929313480
903116457
1395427285
779017754
1685644428
838577666
844453881
792911851
1796491022
1817061100
229473665
945505600
1589783790
1904749175
752366512
618377844
64328146
332398185
992359697
169672506
941769470
325417951
1430437678
271854605
1230843905
1003233988
1892074669
2133767389
1423629683
1162085915
1159304773
205459515
2065202372
407248411
984477269
1603363153
1245826077
1828931151
248791356
894833451
1498508603
478265021
1840339051
940808745
235530548
445221915
1559186589
299858695
777620100
404062638
469531201
1719389570
729480589
1899968880
1991244175
1960324495
755719220
1735835197
1946608236
31865255
750437464
958429361
237324771
668156188
1365677772
1221802040
124035693
464020201
903249543
372827049
1358853653
254274498
851092071
1051709056
1195083243
1086622619
1496930972
606786184
1386481314
127067424
1010848823
1856012516
1846456995
1740329412
1608497748
1690217522
1553170259
216733320
1278569071
1352294847
248598576
2029006535
163240561
485923347
549679076
1528918333
1707725387
673714769
1992938535
463491283
1046541819
1204308540
717765781
1897633890
108533948
1912849025
836772861
1605464920
372151561
75770528
1732532345
1383000384
1931783044
1431505692
975846149
1392797144
974239566
381532760
1609530464
105324990
1733827608
1858129040
2134331525
1897068169
196568739
536526953
1278502854
1904294127
1210241723
1123957741
220301762
109299894
180782633
938067543
2006933784
289316582
703432920
696222997
1894781502
1075584482
771993525
1479830199
311101218
556292921
763852243
1286947367
1949090065
1738091810
1668480128
1411136882
1843416800
1254824088
1121782274
1830264677
1004408609
1318351014
219307983
135427815
1075161493
1429549706
1259385557
1295463255
1538849600
1440168190
86047150
1398299736
1729484772
789480071
2094522733
1476782627
1865064553
719032611
809129178
28682123
1275325532
1572981422
1315629491
1076931950
1163589584
836625971
340585184
859522736
2091450059
1462367458
542303765
948375020
633234824
761611748
1083802835
1708396317
43677806
195704744
856375924
1582527406
1635872935
942423075
833343494
1217874059
1731903146
780382580
547173038
1449484051
1499415191
1356302217
1478166174
627257075
781799991
646312017
1704189025
1945389575
1482937988
2044774209
657428663
1426904399
1359658020
1199732428
227795771
1992892844
1961344177
1311598607
1553805514
2005021983
1507303351
262697790
1440065742
995692638
1205120865
125925588
66083050
789540363
906308168
613256088
91540766
258239711
1969558305
1569706941
885496787
603874648
68535310
442202164
401780575
1551473299
339492726
1059209238
830894050
1699150746
111458019
1058689822
1544559942
2072802196
222804781
950881808
1930340531
1730108132
1213579599
1222922625
578317123
271216816
1348848214
644400173
1060757180
107672734
1257656261
1152297946
365912446
1079730919
574521239
1251409233
1683605567
643056550
1693611397
2085386143
47046201
2033104123
997111733
877940251
1584771221
1108569752
1936630073
981847516
1033888300
11951206
1932729324
816745184
1742059339
998825275
2039667809
172892814
1270042092
1241032375
817292987
183315624
1348705110
2074949248
1335613570
1714617556
1007196519
1910134810
818543141
543318439
405707712
364670890
481220934
452753913
250291366
1478332667
1330694164
1835062587
439418772
1119840590
669426455
1473307072
1131791796
454672132
142568608
726367487
1453497407
34752770
899260301
576055851
1275785145
1716553288
759371475
477006607
1644018889
2094985046
44140515
503731760
1857636208
862683656
1047050199
